1 31
2 961
3 6634
4 45796
5 186822
6 762129
7 2330037
8 7123561
9 18090482
10 45941284
11 102402024
12 228251664
13 461670264
14 933791364
15 1751615118
16 3285697041
17 5802776793
18 10248120289
19 17226819610
20 28957828900
21 46710814150
22 75347505025
23 117362258715
24 182804988249
25 276306145908
26 417631307536
27 614960620448
28 905527334464
29 1303159567584
30 1875398780304
31 2644708983084
32 3729599101089
33 5165254231587
34 7153544001321
35 9747732123162
36 13282686389764
37 17836465083382
38 23951441548441
39 31738455394129
40 42057157552201
41 55060043425926
42 72083054550276
43 93329256515880
44 120837694464400
45 154869416943800
46 198485550480100
47 252008498857050
48 319964266127025
49 402732011797245
50 506909959944921
51 632915624270826
52 790243276122756
53 979308209953494
54 1213606744985881
55 1493477500324567
56 1837889458995769
57 2246980182888232
58 2747129277868096
59 3338077349768832
60 4056147077900544
61 4900386078681984
62 5920343434037824
63 7113940175358104
64 8548177210060609
65 10219229451015783
66 12216949649756721
67 14534899260299658
68 17292638716184484
69 20479922489897190
70 24254668826201025
71 28601207081556525
72 33726663199722025
73 39607776036056410
74 46514412446688004
75 54412856457836968
76 63652506656826256
77 74185442601070008
78 86461322310335844
79 100413158377953894
80 116616333246047569
81 134978540990993249
82 156232030461948529
83 180251203164288762
84 207963092754446436
85 239198711114034342
86 275125853538701649
87 315519443503160787
88 361843563402304281
89 413801178125590044
90 473219458177146256
91 539709693307908256
92 615542214118920256
93 700212275758344160
94 796529011132867600
95 903841702027397700
96 1025612138297261025
97 1161007013522340075
98 1314275870102251225
99 1484358242273016890
100 1676451224226174916
101 1889213174021047446
102 2128977190220453001
103 2394055264875117129
104 2692138101621829641
105 3021112966479511662
106 3390288020786216484
107 3797031971708578152
108 4252574325774743056
109 4753653278271795832
110 5313774142185600004
111 5928911491885833394
112 6615258860843789809
113 7367869465113086469
114 8206103736358031529
115 9123907204562516298
116 10144361484079073476
117 11260084990622514998
118 12498520897055026729
119 13850702853747425295
120 15349173804078687225
121 16983080953860171600
122 18790916199588921600
123 20759588029820090880
124 22934512111616861184
125 25299947940176752128
126 27909351751652690176
127 30743857421546437168
128 33866238727684011649
129 37253951564825474479
130 40980544617133893409
131 45019157171009091114
132 49455773009435539044
133 54258478117569651462
134 59527579259010063601
135 65225261164197976997
136 71468296660054405609
137 78211995275382639042
138 85592024587532957796
139 93555702560118138984
140 102260339368023077136
141 111643984350528844536
142 121888694274749834436
143 132921791787164278590
144 144953581109698990225
145 157898996576260654825
146 172000532369888049025
147 187158844361824543450
148 203653050023850120100
149 221367380442831218310
150 240622554478719059361
151 261283945394450154891
152 283719455430051247321
153 307772846554826388164
154 333865454989265554576
155 361816320349930691232
156 392107202812500393024
157 424528910084328456672
158 459631432946587692816
159 497173394163059952732
160 537781722801237440289
161 581178410768551859379
162 628077026091676591369
163 678157936837753702234
164 732232143814969269124
165 789932791811517866038
166 852180310370010706681
167 918554350105526645313
168 990098085851619272649
169 1066330660626688094550
170 1148432760391129922500
171 1235855186979776825000
172 1329932492229360250000
173 1430038398327182259000
174 1537679418044844832164
175 1652142458233100400138
176 1775125991975075439921
177 1905819277297747735053
178 2046134828817665403129
179 2195152215024864588714
180 2355022347140727640324
181 2524701737226952636054
182 2706606529528570222009
183 2899555357419836719687
184 3106259140003796608441
185 3325382214156243781752
186 3559962762866322414144
187 3808492661164724806272
188 4074373052842581012736
189 4355903273565642237824
190 4656886613615879089216
191 4975407701403075491016
192 5315714950585849173441
193 5675653831336146722295
194 6059964974158453691025
195 6466227748654119727050
196 6899726562078185144100
197 7357745024898335936550
198 7846167723364159653025
199 8361949891375343039005
200 8911637942387999123881
201 9491822895817309183786
202 10109780319623211995716
203 10761697678479096157224
204 11455653165695960481936
205 12187387545150604900152
206 12965861747671754009764
207 13786322558006031627542
208 14658700931121298818001
209 15577697911009807692657
210 16554309508524572837649
