1 21
2 441
3 2499
4 14161
5 49861
6 175561
7 475984
8 1290496
9 2958144
10 6780816
11 13816824
12 28153636
13 52561236
14 98128836
15 171205398
16 298702089
17 493723461
18 816073489
19 1290571359
20 2040961329
21 3110933397
22 4741837321
23 7005780418
24 10350620644
25 14888542396
26 21415980964
27 30097866456
28 42299326224
29 58249290960
30 80213568400
31 108490536420
32 146735729721
33 195309396765
34 259962318225
35 341084898915
36 447522198841
37 579622564269
38 750716540721
39 960974426412
40 1230120555664
41 1557915206848
42 1973058478336
43 2474529098272
44 3103453002244
45 3857458431540
46 4794654708900
47 5910477695850
48 7285977555025
49 8913185642205
50 10903804972281
51 13244756344911
52 16088289462441
53 19413859061709
54 23426848736641
55 28096048581006
56 33695865574596
57 40180144662924
58 47912228921956
59 56825363489104
60 67396612687936
61 79531238188864
62 93850678774336
63 110222672099496
64 129450714724881
65 151352810181573
66 176960576838409
67 206026793827491
68 239867209596609
69 278149885204149
70 322542454924089
71 372603912443112
72 430435353388096
73 495456499775328
74 570299677378704
75 654208110604776
76 750462027171844
77 858082550193076
78 981136468317604
79 1118367251920030
80 1274792396935225
81 1448810411000085
82 1646583092328321
83 1866082836254175
84 2114843258130625
85 2390313268421925
86 2701664768406681
87 3045706867095354
88 3433560828400836
89 3861257602393212
90 4342229835777604
91 4871566406896488
92 5465431392245136
93 6117778153246032
94 6847988172615184
95 7648651828475980
96 8542928714041225
97 9521779683136525
98 10612787648008225
99 11804972647266435
100 13131081467446761
101 14577830932238301
102 16183979607145441
103 17933520483559044
104 19872192423687696
105 21980777821222176
106 24313099597909056
107 26846167807754064
108 29643144555047716
109 32676621026474964
110 36020522712258756
111 39642279740735154
112 43628193727124161
113 47939683846246381
114 52677250441593001
115 57795330830603023
116 63410679901041529
117 69469646524408221
118 76107554685704529
119 83261406375062214
120 91087695829693924
121 99512650105453452
122 108716851829532996
123 118614135943987488
124 129412441668190464
125 141011384138317056
126 153649913410849024
127 167211363201778896
128 181969773774197409
129 197789876298139125
130 214985348141265625
131 233399709356303875
132 253391334798367921
133 274779606931938085
134 297973221719485225
135 322764146507496960
136 349617639026589696
137 378294586856331264
138 409323725322447376
139 442430771300877912
140 478215591436070244
141 516364172180372628
142 557555970751250436
143 601432168621189542
144 648761151216809449
145 699133655784281445
146 753417290374938225
147 811146090161015775
148 873298221303190225
149 939344082213024565
150 1010384864258518441
151 1085819654715862066
152 1166886366050721316
153 1252904292582947004
154 1345263096770591076
155 1443192917728421496
156 1548251641468060816
157 1659569930688461904
158 1778891932731157776
159 1905237469273820724
160 2040556678871341401
161 2183746043485875069
162 2336983251588909361
163 2499027715308441891
164 2672308206587991321
165 2855432001802655373
166 3051104620648946449
167 3257764690197181276
168 3478422439161796624
169 3711329764396194304
170 3959832039093059584
171 4221974653538433792
172 4501471223815731396
173 4796139024948188148
174 5110095878194285924
175 5440907356039492986
176 5793134524799838129
177 6164065532484764541
178 6558747035151836889
179 6974161733255484495
180 7415887763458945225
181 7880571877002717165
182 8374373384480623521
183 8893569918686847870
184 9444955731870208900
185 10024403300407019020
186 10639399948708201636
187 11285373876039712624
188 11970568277909617216
189 12689924645591560512
190 13452509836810603584
191 14252732652122907768
192 15100556737526397361
193 15989808411725440677
194 16931426932644821289
195 17918602265359230435
196 18963334184497013025
197 20058118060392136725
198 21216105575650416025
199 22429034589458349720
200 23711306998419141696
201 25053835234784007456
202 26472377082104908816
203 27956946287437787464
204 29524770038389561156
205 31164884433075017716
206 32896107927819739876
207 34706413918677467694
208 36616342873678132761
209 38612713938570259509
210 40717929773746737121
