1 14
2 196
3 896
4 4096
5 12288
6 36864
7 87744
8 208849
9 428666
10 879844
11 1628368
12 3013696
13 5166336
14 8856576
15 14311584
16 23126481
17 35653926
18 54967396
19 81554000
20 121000000
21 173888000
22 249892864
23 349562304
24 488984769
25 668387538
26 913611076
27 1224032096
28 1639926016
29 2158922752
30 2842169344
31 3684125760
32 4775501025
33 6105426750
34 7805722500
35 9857032800
36 12447418624
37 15544546304
38 19412291584
39 23999108672
40 29669718001
41 36344883498
42 44521844004
43 54082344624
44 65695841344
45 79190155520
46 95456281600
47 114248773600
48 136740946225
49 162589287510
50 193323778596
51 228471398064
52 270009101376
53 317294885376
54 372861669376
55 435849366848
56 509477605729
57 592607644034
58 689301778564
59 798068462016
60 923997717504
61 1065155063808
62 1227876745216
63 1409676515456
64 1618393609921
65 1850859405934
66 2116716551236
67 2411958190656
68 2748380414976
69 3120953149440
70 3544032153600
71 4011345670080
72 4540278808849
73 5123061348314
74 5780648872804
75 6503472214928
76 7316678764096
77 8208550262016
78 9209137038336
79 10304165344032
80 11529399877009
81 12867541476230
82 14360992368100
83 15988886544400
84 17801311105600
85 19773211476480
86 21963544694784
87 24342356009664
88 26978809856769
89 29837239317042
90 32998521980356
91 36420354936608
92 40197020172544
93 44278530673664
94 48774468112384
95 53625975426240
96 58960053317025
97 64707636213150
98 71015508784900
99 77802890066720
100 85238982390016
101 93229596888064
102 101969280864256
103 111348540853056
104 121590516722481
105 132568289502858
106 144537188059044
107 157350501255024
108 171299722775104
109 186215713730816
110 202430520484864
111 219749647012448
112 238550527096561
113 258610057721526
114 280356378871716
115 303534181647984
116 328628154634816
117 355346804558336
118 384237776736256
119 414969002774080
120 448158103365025
121 483427597136610
122 521472756865284
123 561865366065024
124 605386734833664
125 651552065568768
126 701237852962816
127 753896306299136
128 810509070852481
129 870458340013262
130 934841754333124
131 1002963810182400
132 1076049930240000
133 1153318523904000
134 1236135592038400
135 1323624304775360
136 1417305117234769
137 1516195988956474
138 1621986860114404
139 1733579629292112
140 1852849986025536
141 1978571975079168
142 2112824616182784
143 2254241297855904
144 2405123354791249
145 2563949636455910
146 2733264273196900
147 2911376537512400
148 3101095428750400
149 3300544370618880
150 3512820999131136
151 3735845300451264
152 3973029116016961
153 4222070001335186
154 4486721485204036
155 4764438203001568
156 5059344883581184
157 5368631159614464
158 5696824626745344
159 6040826137578816
160 6405600104510049
161 6787733021143038
162 7192662485108356
163 7616633138403296
164 8065594692526336
165 8535420413993984
166 9032613765124096
167 9552644958513216
168 10102615707509361
169 10677559208584170
170 11285222951524900
171 11920166735393840
172 12590834546196544
173 13291273843581184
174 14030679200564224
175 14802544086467808
176 15616871307485361
177 16466555827837206
178 17362470080759076
179 18296862984774192
180 19281541942272064
181 20308059090475520
182 21389226300313600
183 22515844820436800
184 23701804864749025
185 24937099130010690
186 26236774649379204
187 27589954156017984
188 29012924816548864
189 30493874039877632
190 32050417523900416
191 33669737834604928
192 35370872938102849
193 37139926663010094
194 38997458585418564
195 40928415299513280
196 42954983214105600
197 45060868353177600
198 47269995348889600
199 49564741234850240
200 51970886723080081
201 54469386096693914
202 57088000779350116
203 59806162937888016
204 62653746435748416
205 65608556075881728
206 68702717319169024
207 71912296188291104
208 75271816674267409
209 78755488136349766
210 82400388161683684
