1 9
2 81
3 288
4 1024
5 2560
6 6400
7 13200
8 27225
9 49665
10 90601
11 151704
12 254016
13 399168
14 627264
15 938520
16 1404225
17 2020425
18 2907025
19 4051080
20 5645376
21 7660224
22 10394176
23 13789048
24 18292729
25 23801505
26 30969225
27 39622800
28 50694400
29 63909120
30 80568576
31 100252944
32 124746561
33 153428553
34 188705169
35 229682640
36 279558400
37 337075200
38 406425600
39 485876160
40 580858201
41 689023489
42 817330921
43 962648808
44 1133803584
45 1326676800
46 1552360000
47 1805505000
48 2099930625
49 2428770825
50 2809106001
51 3232212984
52 3719048256
53 4258634688
54 4876508224
55 5558976360
56 6336956025
57 7193505825
58 8165833225
59 9233134240
60 10439934976
61 11760866304
62 13248930816
63 14873393568
64 16697033089
65 18682839945
66 20904822225
67 23318668800
68 26011238400
69 28929761280
70 32175749376
71 35686675824
72 39580704601
73 43784099073
74 48433885929
75 53443498680
76 58971265600
77 64915988800
78 71459982400
79 78485419320
80 86201547201
81 94471700169
82 103535289361
83 113234372328
84 123842055744
85 135176437440
86 147548174400
87 160748458200
88 175129695225
89 190452941985
90 207116920201
91 224849020464
92 244099236096
93 264557438208
94 286730262784
95 310265863600
96 335733330625
97 362734535625
98 391907300625
99 422802260400
100 456132741376
101 491392771584
102 529378477056
103 569521469088
104 612708521049
105 658302550785
106 707289410025
107 758956552200
108 814397953600
109 872818309440
110 935429414976
111 1001345360904
112 1071906138241
113 1146126803593
114 1225486638289
115 1308892620120
116 1397975169600
117 1491523492800
118 1591331790400
119 1696061121480
120 1807682939001
121 1924719062049
122 2049332539401
123 2179894102848
124 2318773653504
125 2464178196480
126 2618700697600
127 2780370964800
128 2952022241025
129 3131492795145
130 3321874405201
131 3520798546144
132 3731634881536
133 3951791881728
134 4184937586944
135 4428240252240
136 4685687976025
137 4954190541825
138 5238079029225
139 5533985401560
140 5846607936576
141 6172280288064
142 6516093496896
143 6874061227608
144 7251694252609
145 7644663326025
146 8058927380625
147 8489790045000
148 8943688360000
149 9415533265600
150 9912271437376
151 10428394160184
152 10971390911481
153 11535304894113
154 12128203258249
155 12743651178960
156 13390330118400
157 14061295699200
158 14765882169600
159 15496602434640
160 16263483905601
161 17058461901129
162 17892299345041
163 18756317332368
164 19662058692864
165 20600191825920
166 21583085977600
167 22600716476800
168 23666327688025
169 24769159522305
170 25923382433001
171 27117456522024
172 28366531648576
173 29658241597248
174 31008771376704
175 32404879754280
176 33863845140225
177 35371500316425
178 36946277939025
179 38573031489720
180 40271411392576
181 42025236087744
182 43855440054336
183 45744748441128
184 47715448923769
185 49749112517665
186 51869452182025
187 54056821279200
188 56336433177600
189 58687357301760
190 61136385688576
191 63661234685664
192 66290356488321
193 69000042282633
194 71820489241809
195 74726488267200
196 77750069760000
197 80864446080000
198 84103572640000
199 87439001770800
200 90906709319001
201 94476502769409
202 98186477570281
203 102004608112888
204 105971212469824
205 110052340157760
206 114290638862400
207 118650137806200
208 123175925356225
209 127829911275465
210 132659739875601
