1 6
2 36
3 102
4 289
5 612
6 1296
7 2340
8 4225
9 6890
10 11236
11 17066
12 25921
13 37352
14 53824
15 74472
16 103041
17 138030
18 184900
19 241230
20 314721
21 401676
22 512656
23 642252
24 804609
25 992082
26 1223236
27 1487570
28 1809025
29 2173520
30 2611456
31 3104336
32 3690241
33 4345302
34 5116644
35 5973942
36 6974881
37 8081460
38 9363600
39 10774260
40 12397441
41 14175546
42 16208676
43 18427002
44 20948929
45 23690552
46 26790976
47 30150200
48 33930625
49 38013950
50 42588676
51 47515806
52 53012961
53 58917852
54 65480464
55 72512412
56 80299521
57 88624290
58 97812100
59 107613090
60 118396161
61 129875616
62 142468096
63 155848352
64 170485249
65 186010022
66 202948516
67 220884230
68 240405025
69 261042180
70 283450896
71 307105476
72 332734081
73 359749002
74 388957284
75 419703882
76 452880961
77 487760520
78 525326400
79 564771720
80 607178881
81 651655886
82 699390916
83 749400302
84 802985569
85 859064492
86 919059856
87 981783660
88 1048788225
89 1118772210
90 1193426116
91 1271327346
92 1354313601
93 1440832752
94 1532879104
95 1628762352
96 1730643201
97 1836684150
98 1949222500
99 2066264150
100 2190333601
101 2319270356
102 2455797136
103 2597576852
104 2747541889
105 2903167962
106 3067608996
107 3238142490
108 3418156225
109 3604718040
110 3801462336
111 4005235416
112 4219931521
113 4442163102
114 4676097924
115 4918101822
116 5172630241
117 5435789180
118 5712336400
119 5998104380
120 6298168321
121 6608073026
122 6933226756
123 7268872002
124 7620766209
125 7983834432
126 8364199936
127 8756454720
128 9167105025
129 9590393670
130 10033227556
131 10489483686
132 10966487841
133 11457734052
134 11970985744
135 12499336292
136 13051006081
137 13618669610
138 14211024100
139 14820306410
140 15455711041
141 16109017896
142 16789939776
143 17489779752
144 18218790529
145 18967777902
146 19747556676
147 20548414350
148 21381750625
149 22237313100
150 23127109776
151 24040326156
152 24989602561
153 25963539602
154 26975434564
155 28013279762
156 29091054721
157 30196119440
158 31343161600
159 32518884240
160 33738709761
161 34988658966
162 36284916196
163 37612794102
164 38989266849
165 40398912372
166 41859523216
167 43354915380
168 44903729025
169 46488990330
170 48130216996
171 49809616826
172 51547615681
173 53325573752
174 55164856384
175 57045946232
176 58991180161
177 60980132670
178 63036144900
179 65137851870
180 67309632481
181 69529150236
182 71821856016
183 74164409052
184 76583367169
185 79054351842
186 81605063556
187 84210051810
188 86898196225
189 89642939360
190 92474377216
191 95364809696
192 98345587201
193 101387830502
194 104524183204
195 107724549702
196 111022906401
197 114387903300
198 117854890000
199 121391223300
200 125033667201
201 128748245706
202 132573179236
203 136473118602
204 140487783489
205 144580410312
206 148792261696
207 153085117640
208 157501828225
209 162002674190
210 166632138436
