1 16
2 256
3 1296
4 6400
5 36864
6 175561
7 762129
8 3374569
9 14348944
10 58201641
11 233631225
12 924038404
13 3575442025
14 13669117225
15 51780822916
16 193955683216
17 720138932100
18 2656156771984
19 9731679550096
20 35444317041169
21 128475764131225
22 463643000881641
23 1666488589731904
24 5969355916222449
25 21316784027209225
26 75911176723228900
27 269662670126397025
28 955840023057928369
29 3381350080800973824
30 11940576119584432384
31 42099037547525460544
32 148217113590309570816
33 521153192635795206400
34 1830332093140282048321
35 6421566962582534662201
36 22508299521515068075441
37 78826992823581998083344
38 275850335574872262946225
39 964651011935832820010281
40 3371273236663123604298084
41 11775264889414858099124481
42 41107753235181627573212881
43 143441293906977919738704900
44 500312191797646175885938576
45 1744381933734727966128303844
46 6079826561255918578715763600
47 21183804330159613495113073296
48 73789160683574167005985837849
49 256961771973260812953520187409
50 894627419178441989610578741121
51 3114031866650384725788782899456
52 10837262673125592270397731479881
53 37708528696825746918445281149401
54 131186768574957068666347915962244
55 456328198919386058604003302055625
56 1587110557663602485722068387306025
57 5519311396736674253085829285029136
58 19191778165944274749856517463856704
59 66727131100802271979106898225289744
60 231979994352258356244301809593552896
61 806423210038652148762341020264960000
62 2803129389643614268942268823077984025
63 9743025759825021140870312593060695361
64 33862405623979356175524010247236314649
65 117684005681770710373706853986311144464
66 408973304296132824334990101563929339161
67 1421190731414415194258637177736652336409
68 4938459343311629114632269064097957748676
69 17159868896218810965620494205446109531961
70 59624029145564502264375837002610296376025
71 207164300035624370098785194012986294510756
72 719773742545987303213309751107218743854096
73 2500723642021107747501684645256265050876900
74 8688104733833364574964304618476486305991056
75 30183873937296403320646667849787706043281296
76 104861567002125990700752924476804319994342849
77 364292236944692045250412341563236194479017321
78 1265541531407481564836029035436591942902291769
79 4396392314846856899531541705284483764523904576
80 15272516848614539367617215542433852648273716481
81 53054160926781183948062592233887351806927625321
82 184299193273518266718453813898054977340802979364
83 640210809491827669017574354983786859703318738641
84 2223916895405694926441300325377939846220971141761
85 7725212805335144849704104726715146531621404474944
86 26834840905013462806820288081769590534021424025600
87 93214735951732476895574036009947562870187507859456
88 323792937070285341028098552398026668483950647142656
89 1124728410986032973587940889183553326756007442012416
90 3906840516760611230082100070534650542794426129403025
91 13570680588225016717614796921408883937858356063732649
92 47138492500751177516030810825917440428360879509131169
93 163737455004514002673808893730195006645141979440060304
94 568746611280694268111202463735656555946931910176061025
95 1975550742238942716431844824510313667356597232425065929
96 6862087710819857136008290803690595076290541412221822500
97 23835439595269788294949776695338951024626301275862806801
98 82792119041309796245139396153569460345446801767256130625
99 287576807707031165879965583867122983677600555292571781476
100 998890387607557335781537720977088005537243023666949669136
101 3469612745830812649821670506502275604936490973626853979524
102 12051564875635515752442170830496324747114267366731237472400
103 41860577478913635905294142494899378457265995974283937675664
104 145400661204569931104073654129839643112462717271590692513289
105 505041418676329442996641496832243012924707147422813775550625
106 1754232324876817650247007150029318862410476288788024503140625
107 6093218698037490135134563894460490331648614200734618628952064
108 21164402272467058637550257902282813745599181290455829566181401
109 73513122717591373021776100295522989685962017938173884587412409
110 255342667609426746728323025520700413485683214444032942192233156
111 886914180001483271230457088948441777520296447916336221839024761
112 3080629863909862912156168490412158782890220482472355100108575929
113 10700330331832953135829701856457702719394869520063207109150963600
114 37166752313901270595143173915130177393830062686031103683873592896
115 129095715106023319823685818064190119991958754092686848960386952976
116 448403348171419719961243509374157369427894289759010172037718491136
117 1557491512219028320924675206211715388864008436119248423341869469696
118 5409814443289293458592659411023564910230046096747708317797554906025
119 18790524499408636420959797891253265143044904918831269215591188658801
120 65267248271755900984331352857891904359901420262642887236780425660489
121 226700031985901060555505815361863429892506598053318253115712896243600
122 787422371560096388188125049935834796869736213253275516275074396713609
123 2735040847573195085124110310703187507830995266186798403486299086770489
124 9499916603576284961933400704177171956807200431645968857255845213023876
125 32997093353461316396842746888747714060280325060996755785184405163938441
126 114612372434142223947234206219465252188763105794742532354085093012767241
127 398095483431874889459942951783492271179655098965405745337867980238987844
128 1382747670968277187660648743645132572351505038399458371518947003824647824
129 4802844920341409761632110955921129339099377064081400239124103056761336516
130 16682231369002409602958767512281804872782894568267411070677313940856268944
131 57944159722982092600236693013653855553213585077898681694645279744170848400
132 201263562384968748891853644111996998218624711906981101860946310958618480625
133 699069899222840241695280919337277343451583565064513864925062810809019172025
134 2428152807147701356634259626026048213881865982546201421393472016797910237449
135 8433957208228238168186089903396237412916076660601180993181211421987344524864
136 29294544049862267368271963134328410712352695997627949798284022190024368218001
137 101751791831457730353086376361713456962357945154190535742124961591880940455369
138 353425079509400849045621980661279462462690485535241127721597132844919384314724
139 1227588017879164975208944131689633757740531675665715778671619353462180109325761
140 4263908700945772309450581960228998728975330756112737887915637120325513079407569
141 14810275415683104194027875920158427306316992568204493566728196617901218665085184
142 51442060522411072004173479134316506202874369826442056540498764237616734220857600
143 178679020069575245784334179805910645271124371618852696500369734770841288687913536
144 620624268796011451652864635846328630133132976434128251697414319202881383090166016
145 2155678219620723886955720496815137443220294766018195644733163386332487125037273344
146 7487539076032498922437898784621266075753402611600732736765594323079247745192464481
147 26007239652599569436420590169237295270281568645188915747214437172682955408972265625
148 90333618660561613525323600626702883504843533894921378401284161883990565514092830225
149 313765036483696465587611770376556870783185034791662023457022485285976446414507701264
150 1089832310523844274730508322274049386413178578948571085193959755886400915846925157009
151 3785426377870407879229370531654428803051670905102018861084303393275190580134270026089
152 13148309615923591945182983385578763317100161026051841669092842415427162791132724474596
153 45669371465545746461147804566058553710176558971676571130998120416823772344743942072225
154 158628106972792572550239116552223248704615531972067467693008083120384917922181839199025
155 550979250013378937496490681614670453485306734137050128707750144081027883863394389028676
156 1913772638602522297788075638675897612854484976074213042569538480878368521003647508935824
157 6647302376751716563917310210920515797036833760127742064940958828161615413817070113292964
158 23088755488656924091079111460211569891325456817888790898171603606668196887245481134598544
159 80196536232488809892380187145970530809448539833335201118964619358790443075057091905846416
160 278554830802414492335514483141947040401339792352667986200782199907821788770744646788878201
161 967532974782089663195938148373628900551643966834255038059747068969388894316564529546814641
162 3360631187617114014124777200894484999113105228359786269318634040488379064458278262215785249
163 11672823783680404401037746364694325996703016227263002429188522431231076160538761778189517056
164 40544411696270095510990017084696911128357628851242349010084113300300965115646875463128197225
165 140827047771227092308907393918216129855812017768246504473953227091700152206482944464094283929
166 489148972086194547353551861280730381878740273925709259136135629602731026619492132811760154116
167 1699011090651727616700708244246745369001878098943612535204803453064333112655723059441906980009
168 5901348753410313792131671332161680453968239192636694832031916154236132875912407527946307320521
169 20497757311101477642805752541258000660372693447184443088380783881319443074024043927104145312400
170 71196953645021383906865430209850316263522395292273481541250394415549945525291529145028763494464
171 247295648925273123214044793323389123708405796962604842307498903531421020683234942879069919800464
172 858957226517199646698213606757034119464631288418799375938949517278272851861555762633588981862400
173 2983503829032757632282769953994236692202468567391461505819217182092884578581997282450058343878656
174 10362908427142593232975670484679638079455445812204645241175183828249189424809266443967167048890041
175 35994547699875770006719165839826700602925657149714149962784255937821136185125491933982708123262241
176 125023536705428528378380355224674848856242379619848202943610378842806079960705337576355717529505529
177 434257011330753502360146376346109433641464753711427361456901613811646102909138423649114765775117584
178 1508349200622408977032784978077049203858356735425601483742630502502619907229781583736534112712796025
179 5239103224603573500200526767371533544154608850649564110448050321940653885591213968041066938689433689
180 18197511927379344876156165572921700137254269524236797596992582067193180452651718542493408764817433924
181 63207275335381796506774073265564762234437516197051432511373282609271214519347386169552774558326215769
182 219544279886367767009250070073196195853338251525459805096541463178883491695593491539026163247434579641
183 762565551775903507942829896523418871969647501743219215630834644322488502264541204945556313806179020900
184 2648696748711719964304772308464589744072281739849158908148600912278991521842434361244440144088138136336
185 9199988703483364190964905630417946536030181068816344598930092066782664881944879452540164358359755127844
186 31955259557193239333706039541408054841055450440622919527570556028610857219111539192365173438192513852304
187 110993463766196372128048558491449597492006449202443970566024265990122930366023886792650753515327865560464
188 385524923389924424665785058039776744697146642023621081280014022458040551764123510454866402122796703897761
189 1339083054481922697767698189059455222206316736465421239754382583317593287856074154798141056436939662009225
190 4651173808156033220222754346605771270097016369608946430288535153739007463452347870510803083855798643711321
191 16155396570188988419034935871569709026698186513544654396651330327218465994056632613541262461031564424360000
192 56114187303317312013323991595669429691956653660415504068972462706513498746266668937867423281150055905007521
193 194907132242491716401721321745585791939806254620915595745502857507611760389213475569589159150973674972142121
194 676990829127320426094162086064940659987108412913320948030789924624031286031458298185678037366043861108715684
195 2351461320741662879497299139184432235168538789319968550223015118760158536051831381800929955632021305809007409
196 8167570524967079673685971094728905524492437499117182766024620662041342903588642373136321915058063674971509921
197 28369256035690277620193464674386346514654333800594660613750826975945637325255271024363725631369226800229995584
198 98537831464427421785478330065789568683735115989411727984758886368790366088630441717632326170793683845875713024
199 342261503642868177479912817411605434247852722299525031390944604571558954695286865360401008377758736735710947584
200 1188811800667939508455871953263524791414725155164102083649106691022144007420738528412548721991319711467792455936
201 4129221318084191823416089130332453956224883510386255484927233000700446480939452819549030810047068940916298815744
202 14342445693997630155291166166230738132363025239473308577732492202659047686240165955647258626152458198909849414321
203 49817079932138854955041327855729809236096517017096127000682352002996898153083087528685641709110992628611889585929
204 173034746349553401568843810135816042958397108376420236680290576137740372037712602445661415814909760469950442146049
205 601019238422940184900126711509924440097893644690091775880939968509184567796342196793329005179065962291825255744144
206 2087581439810939454091244917065156854010510623901846865555409166723024730898536519532922254153298001511443598850625
207 7251009599823621582731936794583705704137653001642672092361437880777542431956660623330799269281438276919085450422281
208 25185671423457270734179575429438579629234641668316146278431866973684344607421475464912930493399732343831770316648356
209 87479962103821390792134314802746668780856849610350806034790949795978144691598204796015715743555757509501584198479025
210 303853077432066421089833439355354804469738335686990556389274601315768713021953754618795689723299494800124004487394209
